0.99966,0.011878,0.023416,-0.010523,0.99831,-0.057178,0.024056,-0.056911,-0.99809
0.98965,-0.022701,-0.14167,-0.0016299,0.98556,-0.16931,-0.14347,-0.16779,-0.97533
0.80428,0.011252,0.59415,-0.012774,0.99992,-0.0016436,0.59412,0.006268,-0.80435
0.87425,0.026905,-0.48473,-0.025488,0.99963,0.0095155,-0.48481,-0.0040358,-0.87461
0.89779,0.07289,-0.43435,-0.078658,0.99689,0.0047074,-0.43334,-0.029939,-0.90073
0.99895,-0.029485,0.034978,0.028992,0.99947,0.014521,0.035388,0.013492,-0.99928
0.71051,-0.42213,0.56301,0.36777,0.90488,0.21433,0.59993,-0.054767,-0.79817
0.85665,0.012651,-0.51575,-0.011149,0.99992,0.0060088,-0.51578,-0.00060252,-0.85672
0.70504,-0.03479,-0.70831,0.25055,0.9466,0.2029,-0.66343,0.32052,-0.67611
0.99664,0.079603,0.019429,-0.074745,0.98036,-0.1825,0.033575,-0.18044,-0.98301
0.72562,-0.00040848,0.6881,-0.06499,0.99549,0.069124,0.68502,0.094877,-0.72232
0.87991,0.01757,0.47481,-0.0058248,0.99964,-0.026197,0.4751,-0.020285,-0.8797
0.664,0.69655,-0.27189,-0.66833,0.71593,0.20194,-0.33531,-0.047625,-0.9409
0.89441,0.023284,-0.44664,-0.037333,0.99905,-0.022678,-0.44568,-0.036958,-0.89443
0.74651,-0.11102,-0.65605,0.051737,0.99268,-0.10912,-0.66336,-0.047515,-0.74679
0.84248,0.027894,-0.538,-0.011628,0.99937,0.033606,-0.5386,0.022057,-0.84227
0.78616,0.03468,-0.61705,-0.15635,0.97711,-0.14429,-0.59792,-0.20991,-0.77358
0.93498,0.07077,-0.34756,-0.070036,0.99744,0.014692,-0.34771,-0.010605,-0.93754
0.9732,0.011047,0.22968,0.040971,0.97453,-0.22048,0.22626,-0.22398,-0.94797
0.73261,0.032971,0.67985,0.054847,0.99272,-0.10725,0.67844,-0.11586,-0.72546
0.84733,0.52924,0.043994,-0.53062,0.84712,0.029005,0.021917,0.047921,-0.99861
0.9694,0.0026854,0.24549,0.026992,0.99271,-0.11745,0.24401,-0.12048,-0.96226
0.8596,0.50606,0.070583,-0.47201,0.83936,-0.26959,0.19567,-0.19842,-0.96038
0.9945,-0.074511,-0.073603,0.10452,0.7507,0.65233,-0.006648,0.65643,-0.75436
0.96564,0.047941,-0.25543,-0.11019,0.96565,-0.23532,-0.23537,-0.25538,-0.93775
0.86325,0.031267,-0.50381,-0.029534,0.9995,0.011425,-0.50391,-0.0050171,-0.86374
0.98499,0.09354,-0.1451,-0.1318,0.9503,-0.28207,-0.1115,-0.29696,-0.94836
0.82833,0.49756,-0.25748,-0.55458,0.79338,-0.25099,-0.079392,-0.3507,-0.93312
0.85102,0.039645,0.52364,0.012615,0.99532,-0.095858,0.52498,-0.088182,-0.84653
0.74963,0.29774,0.59111,-0.0909,0.93095,-0.35364,0.65559,-0.21137,-0.72493
0.83399,-0.17173,0.52437,0.12097,0.98412,0.1299,0.53835,0.044906,-0.84152
0.83232,0.12358,0.54035,-0.056209,0.98862,-0.13952,0.55144,-0.085748,-0.82979
0.99897,-0.037461,-0.025676,0.037451,0.9993,-0.00087449,-0.025691,8.8002e-05,-0.99967
0.91748,-0.058225,0.39349,0.055473,0.99829,0.018374,0.39389,-0.0049706,-0.91915
0.94618,-0.028483,0.32237,-0.010498,0.99289,0.11854,0.32346,0.11555,-0.93916
0.77673,0.050798,0.62778,-0.022222,0.99833,-0.053287,0.62944,-0.027439,-0.77657
0.97339,-0.2054,0.10157,0.11009,0.80797,0.57885,0.20096,0.55226,-0.80908
0.99785,0.0016959,0.065506,-0.0018343,1,0.0020538,0.065502,0.0021696,-0.99785
0.82777,-0.33253,-0.45191,0.31844,0.94159,-0.10955,-0.46195,0.053222,-0.88531
0.69495,-0.62755,0.35105,0.5976,0.77557,0.20341,0.39991,-0.068425,-0.914
0.99803,0.053183,0.033271,-0.043985,0.9714,-0.23334,0.044729,-0.23141,-0.97183
0.98489,-0.0031407,-0.17316,-0.010905,0.99673,-0.080105,-0.17284,-0.080783,-0.98163
0.9643,3.6527e-05,0.2648,-0.016272,0.99812,0.059121,0.2643,0.061319,-0.96249
0.80428,0.09023,0.58736,-0.33419,0.88597,0.32151,0.49138,0.45487,-0.74272
0.96941,0.11726,0.21561,-0.20659,0.86412,0.45892,0.1325,0.48943,-0.86192
0.98351,-0.1496,-0.10162,0.17872,0.88992,0.41964,-0.027659,0.43089,-0.90198
0.8584,-0.50661,0.080558,0.4701,0.83975,0.2717,0.2053,0.19536,-0.959
0.84677,0.027561,-0.53125,-0.034207,0.99941,-0.0026745,-0.53086,-0.020437,-0.84721
0.99635,0.019426,0.08317,-0.0067604,0.98867,-0.14994,0.085141,-0.14883,-0.98519
0.97561,0.19202,0.10635,-0.21366,0.9418,0.25956,0.050316,0.27595,-0.95985
0.97848,-0.011963,0.206,0.019263,0.99925,-0.033469,0.20545,-0.036717,-0.97798
0.71557,0.08576,0.69325,-0.035381,0.99561,-0.086643,0.69764,-0.037472,-0.71547
0.7306,-0.028705,0.6822,0.065129,0.99749,-0.027779,0.67969,-0.064726,-0.73063
0.68143,-0.68997,0.24413,0.48551,0.67575,0.55466,0.54767,0.25943,-0.79546
0.75231,0.041178,0.65752,-0.051532,0.99866,-0.0035826,0.65679,0.031188,-0.75343
0.70879,-0.03254,-0.70467,-0.041462,0.99529,-0.087664,-0.7042,-0.091352,-0.7041
0.73999,-0.45544,0.49497,0.48289,0.87198,0.080417,0.46823,-0.17951,-0.86518
0.74111,0.1533,0.65364,-0.11762,0.98817,-0.098401,0.661,0.0039552,-0.75038
0.71991,-0.035923,-0.69313,-0.033884,0.99565,-0.086796,-0.69324,-0.085972,-0.71556
0.73238,0.14694,0.66486,-0.095025,0.98894,-0.11389,0.67424,-0.020234,-0.73824
0.95217,-0.029369,-0.30414,0.12506,0.94564,0.30022,-0.27879,0.3239,-0.90408
0.86782,0.36627,-0.33577,-0.34136,0.93051,0.13276,-0.36106,0.00058858,-0.93254
0.94496,-0.29401,0.14354,0.22227,0.89883,0.37777,0.24009,0.32507,-0.91471
0.71231,0.082306,0.69702,-0.026442,0.99554,-0.090535,0.70136,-0.046059,-0.71131
0.7665,-0.64205,-0.015941,0.60461,0.72973,-0.31928,-0.21663,-0.23509,-0.94753
0.79888,0.081156,0.59599,-0.035856,0.99552,-0.087497,0.60042,-0.04853,-0.79821
0.86498,0.3576,-0.35205,-0.33372,0.93386,0.12863,-0.37476,-0.0062266,-0.9271
0.71096,0.091149,0.6973,-0.039989,0.9952,-0.089317,0.70209,-0.035617,-0.71119
0.78807,-0.041206,-0.61421,-0.026899,0.9945,-0.10123,-0.615,-0.0963,-0.78262
0.97322,-0.064147,0.22073,0.10593,0.97738,-0.18303,0.204,-0.20152,-0.95801
0.87513,0.0037015,-0.48387,-0.014807,0.99971,-0.019133,-0.48366,-0.023909,-0.87493
0.95279,0.246,-0.178,-0.23308,0.96824,0.090499,-0.19461,0.044739,-0.97986
0.79239,0.032017,0.60917,-0.033654,0.9994,-0.0087495,0.60908,0.013568,-0.79299
0.90701,-0.32781,0.26433,0.39111,0.88842,-0.24028,0.15607,-0.32132,-0.93402
0.78642,0.031501,0.61688,-0.01248,0.99931,-0.03512,0.61756,-0.01992,-0.78627
0.72321,-0.017127,-0.69042,-0.052846,0.99539,-0.080048,-0.68861,-0.094377,-0.71897
0.91216,0.10868,0.39516,-0.092369,0.99391,-0.060129,0.39929,-0.018347,-0.91664
0.90995,0.095925,0.40348,-0.091929,0.99533,-0.029313,0.4044,0.010418,-0.91452
0.81825,0.51534,-0.25474,-0.38146,0.81826,0.43005,-0.43007,0.25471,-0.86612
0.99879,-0.014412,0.047099,0.016395,0.99898,-0.042006,0.046446,-0.042727,-0.99801
0.99359,0.032065,-0.10841,-0.031799,0.99949,0.0041807,-0.10848,0.00070663,-0.9941
0.99912,0.041768,-0.0027947,-0.041853,0.99544,-0.085749,0.00079952,-0.08579,-0.99631
0.71237,0.090281,0.69597,-0.041682,0.99538,-0.086457,0.70057,-0.03258,-0.71284
0.99336,-0.00201,-0.11499,0.0021316,1,0.0009351,-0.11499,0.001174,-0.99337
0.68654,0.26053,-0.67881,-0.47835,0.86494,-0.15183,-0.54758,-0.42895,-0.71844
0.99055,-0.020912,-0.13557,-0.001997,0.98601,-0.16668,-0.13716,-0.16537,-0.97665
0.70657,0.092343,0.7016,-0.041542,0.99515,-0.089143,0.70643,-0.033839,-0.70698
0.93918,0.33042,-0.093569,-0.32626,0.77347,-0.54341,0.10718,-0.54089,-0.83424
0.72443,-0.033565,-0.68853,-0.038961,0.99522,-0.089508,-0.68825,-0.091668,-0.71966
0.61295,-0.59529,-0.51954,0.6026,0.7775,-0.17991,-0.51105,0.2028,-0.83529
0.71714,-0.023169,-0.69655,-0.052748,0.99478,-0.087397,-0.69493,-0.099418,-0.71217
0.97202,-0.031876,-0.23271,0.024248,0.99907,-0.035568,-0.23362,-0.02893,-0.9719
0.7306,0.085057,0.67749,-0.034408,0.99554,-0.087881,0.68194,-0.040895,-0.73026
0.97815,0.10074,-0.18185,-0.10697,0.99395,-0.024742,-0.17826,-0.043653,-0.98302
0.97908,0.2032,0.010862,-0.19871,0.96623,-0.16408,0.043835,-0.15849,-0.98639
0.71673,0.091665,0.6913,-0.042708,0.99523,-0.087686,0.69605,-0.033323,-0.71722
0.79977,0.4078,0.44052,-0.49858,0.85995,0.10909,0.33434,0.30688,-0.89109
0.72814,-0.025781,-0.68495,-0.069886,0.99129,-0.1116,-0.68186,-0.12913,-0.72
0.7232,-0.017676,-0.69041,-0.052363,0.99539,-0.080334,-0.68865,-0.094249,-0.71895
0.98599,0.12396,-0.11161,-0.14492,0.9679,-0.20532,-0.082579,-0.21862,-0.97231
0.71795,0.17792,0.67298,-0.25947,0.96551,0.021559,0.64593,0.1901,-0.73935
0.82542,-0.53086,0.19198,0.56348,0.79534,-0.22342,0.034084,-0.2926,-0.95563
0.77798,-0.43566,-0.45272,0.38909,0.89983,-0.19728,-0.49332,0.022675,-0.86955
0.72134,0.11975,0.68215,-0.030023,0.98942,-0.14195,0.69193,-0.081913,-0.7173
0.8432,-0.1757,-0.50808,0.12881,0.98359,-0.12636,-0.52194,-0.041101,-0.85199
0.71237,-0.032099,-0.70107,-0.044295,0.99491,-0.090562,-0.7004,-0.095568,-0.70732
0.72132,-0.029757,-0.69196,-0.027298,0.99708,-0.071334,-0.69207,-0.070344,-0.7184
0.83295,-0.030758,-0.55249,0.047288,0.99876,0.01569,-0.55132,0.039195,-0.83337
0.70766,0.070156,0.70306,-0.017831,0.99651,-0.081492,0.70632,-0.045133,-0.70645
0.90493,0.15477,0.39642,-0.1509,0.98769,-0.041158,0.39791,0.022574,-0.91715
0.87758,0.0013417,-0.47943,-0.10525,0.97614,-0.18992,-0.46774,-0.21713,-0.85678
0.93031,-0.017401,0.36635,0.099713,0.97325,-0.20698,0.35295,-0.22909,-0.90716
0.52727,0.78531,-0.32445,-0.57301,0.61058,0.54668,-0.62741,0.10234,-0.77193
0.97315,-0.22202,-0.060731,0.22795,0.9662,0.1204,-0.031947,0.13101,-0.99087
0.98052,-0.013706,-0.19594,0.023366,0.99862,0.047073,-0.19502,0.050734,-0.97949
0.74171,0.54429,0.39194,-0.53391,0.83281,-0.14614,0.40596,0.10087,-0.90831
0.86807,0.22551,-0.44228,-0.11718,0.95878,0.25886,-0.48242,0.17288,-0.85871
0.70867,-0.030488,-0.70488,-0.041754,0.9955,-0.085037,-0.7043,-0.089695,-0.70421
0.86455,-0.077982,0.49646,0.13165,0.98853,-0.073988,0.48499,-0.12933,-0.8649
0.93203,0.078471,-0.35377,-0.2722,0.79607,-0.54053,-0.23921,-0.60009,-0.76333
0.68324,-0.64432,0.34357,0.61301,0.76178,0.20955,0.39674,-0.067442,-0.91545
0.97859,0.011658,0.20547,0.022401,0.98643,-0.16265,0.20458,-0.16377,-0.96505
0.88786,0.07286,0.45431,-0.038899,0.99573,-0.083671,0.45846,-0.056616,-0.88691
0.8724,-0.030531,-0.48784,0.016272,0.99931,-0.033442,-0.48852,-0.021236,-0.87229
0.90243,-0.076398,0.424,0.11391,0.99144,-0.063806,0.4155,-0.10588,-0.90341
0.99838,0.014126,0.055039,-0.0040253,0.98376,-0.17947,0.05668,-0.17896,-0.98222
0.88835,0.075543,0.45291,-0.042885,0.99571,-0.081964,0.45716,-0.05339,-0.88778
0.9002,-0.017257,-0.43514,-0.0075605,0.99844,-0.055239,-0.43541,-0.053016,-0.89867
0.70235,-0.14973,0.69591,0.052579,0.98587,0.15905,0.70989,0.075116,-0.7003
0.88559,0.076024,0.45821,-0.04382,0.99579,-0.080526,0.4624,-0.051234,-0.88519
0.83974,-0.53332,0.10202,0.53076,0.84586,0.053044,0.11458,-0.0096028,-0.99337
0.99906,0.00052322,0.043402,-0.0054225,0.9936,0.11284,0.043065,0.11297,-0.99266
0.8637,0.03625,-0.5027,-0.012861,0.99867,0.049919,-0.50384,0.03665,-0.86302
0.98098,-0.022682,-0.19277,-0.10039,0.79071,-0.6039,-0.16612,-0.61177,-0.7734
0.7211,0.34881,0.59862,-0.48163,0.87348,0.071217,0.49804,0.33967,-0.79786
0.99857,-0.026872,-0.046128,0.020645,0.99123,-0.13052,-0.049231,-0.12939,-0.99037
0.99559,-0.085618,0.038282,0.087349,0.99511,-0.046093,0.034149,-0.049234,-0.9982
0.99195,-0.10966,0.063328,0.10631,0.99286,0.054121,0.068811,0.046953,-0.99652
0.73427,0.65685,0.17146,-0.66386,0.74757,-0.020943,0.14194,0.098449,-0.98497
0.85653,0.001257,0.5161,0.02401,0.99882,-0.042279,0.51554,-0.048605,-0.85548
0.80253,0.15664,0.57569,0.30137,0.72634,-0.61774,0.51491,-0.66925,-0.5357
0.99503,-0.082509,0.055765,0.08076,0.99619,0.032933,0.05827,0.028266,-0.9979
0.73439,0.21183,0.64483,-0.099372,0.97337,-0.20658,0.67141,-0.08763,-0.73588
0.81967,-0.014094,-0.57266,0.02446,0.99965,0.010408,-0.57231,0.022539,-0.81973
0.80252,0.07671,0.59168,-0.046243,0.99671,-0.0665,0.59483,-0.026006,-0.80343
0.90749,0.36884,-0.20107,-0.36395,0.92934,0.062159,-0.20979,-0.016769,-0.9776
0.8814,0.017109,0.47206,-0.085021,0.98877,0.12291,0.46466,0.14847,-0.87296
0.97938,-0.023717,0.20064,0.015903,0.99905,0.040465,0.20141,0.03644,-0.97883
0.82029,0.13693,0.55531,-0.065861,0.98707,-0.14611,0.56814,-0.083282,-0.81871
0.86007,-0.13592,0.49173,0.18203,0.98218,-0.046886,0.47659,-0.12983,-0.86948
0.78769,0.54855,0.28041,-0.49571,0.83461,-0.24023,0.36581,-0.050225,-0.92933
0.81172,0.031579,0.58319,0.002127,0.99837,-0.057021,0.58404,-0.047526,-0.81033
0.80634,-0.53415,0.25397,0.57696,0.61587,-0.53649,-0.13015,-0.57913,-0.80478
0.99896,0.0043239,-0.045359,-0.0041696,0.99999,0.0034952,-0.045373,0.0033024,-0.99896
0.81263,0.047959,0.5808,-0.32672,0.86275,0.38589,0.48258,0.50335,-0.71677
0.82911,0.080552,0.55326,-0.0047971,0.99055,-0.13703,0.55907,-0.11096,-0.82166
0.91767,0.17993,0.35428,-0.21836,0.97326,0.071331,0.33197,0.14282,-0.93241
0.80042,0.096325,0.59165,-0.0051419,0.98807,-0.15391,0.59942,-0.12015,-0.79136
0.80323,0.045861,0.5939,0.016347,0.99496,-0.098939,0.59545,-0.08918,-0.79843
0.94546,0.0097362,-0.32558,-0.002878,0.99976,0.021539,-0.32572,0.019428,-0.94527
0.90387,-0.017399,-0.42746,0.0081941,0.99969,-0.023365,-0.42774,-0.017616,-0.90373
0.88233,0.2252,0.41325,-0.17404,0.97197,-0.15808,0.43727,-0.067553,-0.89679
0.93658,-0.071158,0.34315,0.072752,0.99732,0.0082419,0.34282,-0.017246,-0.93924
0.99974,0.014495,-0.017491,-0.0097608,0.96936,0.24544,-0.020513,0.24521,-0.96925
0.79686,0.55097,0.24787,-0.49559,0.83077,-0.2534,0.34554,-0.079083,-0.93507
0.86354,-0.20219,0.46198,0.31232,0.93369,-0.17516,0.39593,-0.29554,-0.86942
0.94374,-0.31063,-0.1134,0.26439,0.91477,-0.30544,-0.19861,-0.25827,-0.94544
0.80147,-0.043476,0.59645,0.05842,0.99828,-0.0057365,0.59518,-0.039443,-0.80263
0.87158,-0.1848,0.45408,-0.039945,0.89638,0.44149,0.48862,0.40293,-0.77389
0.83561,0.54865,0.027354,-0.5292,0.81734,-0.22782,0.14735,-0.17589,-0.97332
0.79951,0.11229,0.59007,-0.043491,0.99061,-0.12958,0.59908,-0.077941,-0.79689
0.60694,0.52642,-0.5954,-0.48823,0.83811,0.24332,-0.6271,-0.14301,-0.7657
0.99976,0.0083619,-0.020351,-0.0087303,0.9998,-0.018083,-0.020195,-0.018256,-0.99963
0.94783,-0.13741,0.28763,0.11164,0.98826,0.10426,0.29858,0.066711,-0.95205
0.77679,0.028265,-0.62913,-0.024905,0.99959,0.014157,-0.62927,-0.0046712,-0.77718
0.84577,0.044171,0.53171,0.0086817,0.9953,-0.096493,0.53347,-0.086227,-0.84141
0.8784,0.02169,-0.47743,-0.015053,0.99973,0.017723,-0.47769,0.0083813,-0.87849
0.82463,0.5395,0.17006,-0.53998,0.84033,-0.047483,0.16853,0.052676,-0.98429
0.96952,0.11542,-0.21613,-0.11551,0.99323,0.012233,-0.21608,-0.013107,-0.97629
0.7922,-0.038916,0.60902,0.0087019,0.99858,0.05249,0.6102,0.036283,-0.79142
0.97132,-0.12876,0.19989,0.080907,0.96949,0.23138,0.22358,0.20857,-0.95211
0.84171,0.013348,0.53976,0.0071684,0.99933,-0.035892,0.53988,-0.03408,-0.84105
0.89323,0.0062297,-0.44955,0.014807,0.99895,0.043263,-0.44935,0.0453,-0.89221
0.90724,-0.31321,0.28073,0.38348,0.89014,-0.24616,0.17279,-0.33098,-0.92768
0.73337,0.65674,-0.1757,-0.67506,0.73405,-0.073938,-0.08041,-0.17283,-0.98166
0.99896,-0.044253,0.01111,0.043834,0.99841,0.03544,0.012661,0.034916,-0.99931
0.99524,-0.037463,0.089948,0.038799,0.99916,-0.013141,0.08938,-0.016569,-0.99586
0.94059,0.017981,-0.33906,-0.021441,0.99975,-0.0064609,-0.33885,-0.013347,-0.94074
0.93278,0.24299,0.26621,-0.27331,0.95835,0.082905,0.23498,0.15009,-0.96034
0.8105,-0.34456,0.47367,0.096224,0.87602,0.47259,0.57777,0.33745,-0.74317
0.9727,0.097588,-0.21053,-0.092626,0.99514,0.033326,-0.21276,0.012916,-0.97702
0.80283,0.038768,0.59494,-0.089976,0.99433,0.056621,0.58938,0.098988,-0.80177
0.88086,-0.045346,0.47121,-0.01782,0.99152,0.12873,0.47305,0.12179,-0.87258
0.96791,-0.1436,0.20623,0.24417,0.73143,-0.63671,0.059413,-0.66663,-0.74302
0.98733,0.040968,-0.15331,-0.038789,0.9991,0.01718,-0.15388,0.011015,-0.98803
0.99222,-0.068537,0.10394,0.066271,0.99749,0.025109,0.1054,0.018025,-0.99427
0.88951,-0.056998,-0.45334,0.018161,0.99582,-0.089569,-0.45655,-0.07144,-0.88683
0.93661,0.10277,-0.33495,-0.10828,0.99412,0.0022401,-0.33321,-0.03417,-0.94223
0.99755,0.005992,0.069753,-0.0056004,0.99997,-0.0058069,0.069786,-0.005402,-0.99755
0.79556,0.042846,-0.60436,-0.016208,0.99864,0.049463,-0.60566,0.029555,-0.79518
0.71156,0.016212,-0.70244,-0.010755,0.99987,0.012181,-0.70254,0.0011127,-0.71164
0.71763,-0.60934,-0.33721,0.32509,0.72131,-0.61158,-0.61589,-0.32926,-0.71573
0.71923,0.013182,0.69465,-0.050433,0.99817,0.033275,0.69294,0.058965,-0.71858
0.84389,-0.017339,0.53623,0.037399,0.99895,-0.026556,0.5352,-0.042465,-0.84365
0.75949,0.064558,0.64731,-0.067337,0.99752,-0.020478,0.64703,0.028035,-0.76195
0.99708,0.034713,0.068014,-0.042975,0.99135,0.12405,0.063119,0.12661,-0.98994
0.9982,-0.055563,-0.022666,0.057377,0.99435,0.089324,-0.017575,0.090464,-0.99574
0.81986,0.041354,-0.57106,-0.048906,0.9988,0.0021163,-0.57047,-0.026193,-0.8209
0.78376,0.0079588,-0.62102,0.0048239,0.99981,0.018901,-0.62105,0.01781,-0.78357
0.96244,-0.025407,0.2703,-0.0019183,0.99495,0.10035,0.27149,0.0971,-0.95753
0.73702,-0.08027,-0.67108,0.074628,0.99652,-0.037235,-0.67174,0.022638,-0.74045
0.99613,0.003878,-0.08785,-0.00090073,0.99942,0.033905,-0.087931,0.033695,-0.99556
0.80067,-0.017468,0.59886,0.061276,0.99672,-0.052853,0.59597,-0.079013,-0.79911
0.75441,0.057984,-0.65384,-0.057173,0.99811,0.022548,-0.65391,-0.020371,-0.7563
0.72365,0.042663,0.68884,0.0010832,0.99802,-0.062949,0.69016,-0.046299,-0.72217
0.92762,0.033449,0.37202,-0.076417,0.99191,0.10136,0.36562,0.12245,-0.92267
0.93127,0.032094,-0.36292,-0.037373,0.99927,-0.0075345,-0.36241,-0.02058,-0.93179
0.92989,-0.015402,0.36752,-0.022446,0.99489,0.098483,0.36716,0.099827,-0.92478
0.79146,-0.014228,0.61105,0.037565,0.99897,-0.025396,0.61006,-0.043054,-0.79118
0.76134,-0.6321,0.14425,0.42972,0.65857,0.61776,0.48549,0.40834,-0.77302
0.97874,-0.20444,-0.016622,0.20477,0.97857,0.021739,-0.011822,0.02468,-0.99963
0.80157,0.070583,-0.59373,-0.084495,0.99641,0.0043815,-0.59191,-0.046655,-0.80466
0.83063,0.1373,-0.53964,-0.10847,0.99046,0.085032,-0.54616,0.012094,-0.83759
0.93182,0.020315,0.36235,-0.021919,0.99976,0.00031734,0.36226,0.0082382,-0.93204
0.8319,0.4146,-0.36885,-0.50845,0.83575,-0.20735,-0.2223,-0.36003,-0.90607
0.84762,0.031257,-0.52968,-0.041981,0.99908,-0.0082232,-0.52893,-0.029206,-0.84816
0.99225,0.10843,-0.060623,-0.11078,0.99316,-0.036827,-0.056215,-0.043258,-0.99748
0.80469,0.038548,-0.59244,-0.031855,0.99926,0.021751,-0.59283,-0.0013693,-0.80532
0.79239,0.040917,0.60864,-0.095473,0.99377,0.057488,0.6025,0.10366,-0.79136
0.83603,0.025051,-0.5481,-0.014638,0.99962,0.023361,-0.54848,0.011508,-0.83608
0.73537,-0.020982,0.67734,-0.031605,0.99737,0.065209,0.67693,0.06936,-0.73278
0.72411,0.016399,-0.68949,-0.034665,0.99932,-0.012637,-0.68882,-0.033052,-0.72418
0.99068,0.029692,-0.13295,-0.037977,0.99746,-0.060218,-0.13083,-0.064706,-0.98929
0.97786,0.027717,-0.20743,-0.074249,0.97266,-0.22006,-0.19566,-0.23059,-0.95318
0.97892,-0.012305,-0.20387,-0.036996,0.97099,-0.23625,-0.20086,-0.23881,-0.95006
0.99155,0.033143,-0.12538,-0.055054,0.98293,-0.17556,-0.11743,-0.18098,-0.97645
0.96762,-0.0095021,-0.25223,0.012295,0.99988,0.0095002,-0.25211,0.012294,-0.96762
0.91388,-0.11117,-0.39048,0.28924,0.85321,0.43402,-0.28491,0.50958,-0.81188
0.7407,-0.12319,-0.66045,0.10672,0.99214,-0.065375,-0.66331,0.022058,-0.74802
0.90495,-0.045004,-0.42312,-0.0086349,0.99224,-0.124,-0.42542,-0.11587,-0.89755
0.9705,0.16179,-0.17874,-0.17495,0.98272,-0.060402,-0.16588,-0.089892,-0.98204
0.97538,0.2055,-0.080048,-0.17629,0.94459,0.2769,-0.13252,0.25597,-0.95756
0.88041,-0.0036129,0.47419,0.044565,0.99618,-0.075151,0.47211,-0.087297,-0.87721
0.99297,0.027379,-0.11514,-0.012421,0.99161,0.12868,-0.11769,0.12635,-0.98498
0.99951,0.025985,0.017211,-0.024851,0.9977,-0.063136,0.018812,-0.062677,-0.99786
0.9914,0.012459,-0.13026,-0.037003,0.98152,-0.18775,-0.12551,-0.19096,-0.97354
0.97517,0.0092883,-0.22124,-0.0016221,0.99939,0.034807,-0.22143,0.033584,-0.9746
0.97251,0.22845,-0.04509,-0.17291,0.83816,0.5173,-0.15597,0.49528,-0.85462
0.6368,0.71953,0.27704,-0.58995,0.68606,-0.42577,0.49643,-0.10769,-0.86137
0.9914,0.06863,0.1114,-0.066253,0.99749,-0.02491,0.11283,-0.017316,-0.99346
0.77107,0.020472,-0.63642,-0.0068996,0.99969,0.023798,-0.63671,0.013959,-0.77098
0.76579,0.62641,-0.14556,-0.59188,0.77502,0.22141,-0.25151,0.083402,-0.96426
0.99856,0.01552,0.051395,-0.0020423,0.96759,-0.25251,0.053648,-0.25204,-0.96623
0.91301,0.38082,0.14625,-0.30568,0.87607,-0.37291,0.27014,-0.29577,-0.91627
0.87298,0.38577,-0.29848,-0.45343,0.86737,-0.20513,-0.17976,-0.31442,-0.93211
0.79559,0.060573,0.60279,0.015518,0.99263,-0.12023,0.60563,-0.10501,-0.78879
0.95049,-0.12437,-0.28477,0.19523,0.95197,0.23586,-0.24176,0.27978,-0.92913
0.80926,0.063208,-0.58404,-0.077473,0.99699,0.00055133,-0.58232,-0.044801,-0.81173
0.93895,0.25858,-0.22695,-0.24967,0.96597,0.067628,-0.23672,0.0068356,-0.97156
0.96975,0.046698,0.23959,-0.057973,0.99751,0.040223,0.23712,0.052896,-0.97004
0.74796,-0.029498,0.66309,-0.0064369,0.99864,0.051686,0.66372,0.042927,-0.74675
0.83402,0.16866,0.52532,-0.11739,0.98457,-0.12974,0.53909,-0.046539,-0.84096
0.90882,0.12365,0.39845,-0.099274,0.99173,-0.081324,0.40521,-0.034353,-0.91358
0.97505,-0.2192,-0.035161,0.19561,0.92321,-0.33079,-0.10497,-0.31566,-0.94305
0.99656,0.0348,-0.075217,-0.051203,0.97217,-0.2286,-0.065169,-0.23166,-0.97061
0.9103,0.036751,0.41232,0.03064,0.98734,-0.15565,0.41282,-0.15432,-0.89764
0.87157,0.01206,-0.49013,-0.016146,0.99986,-0.0041097,-0.49001,-0.011495,-0.87164
0.85772,0.027373,0.51339,-0.020306,0.99961,-0.019371,0.51372,-0.0061898,-0.85794
0.79319,-0.52745,-0.30437,0.34192,0.79933,-0.49413,-0.50392,-0.28787,-0.81436
0.73835,0.074285,0.67032,-0.50345,0.72205,0.47453,0.44875,0.68784,-0.57052
0.73455,0.12711,-0.66654,-0.032138,0.98771,0.15294,-0.67779,0.09092,-0.72961
0.76415,0.049894,-0.64311,-0.0359,0.99875,0.034828,-0.64404,0.0035263,-0.76498
0.8687,-0.30289,0.39194,0.35706,0.93133,-0.071668,0.34331,-0.2022,-0.9172
0.81833,0.039212,-0.57341,-0.041396,0.9991,0.0092448,-0.57326,-0.016172,-0.81921
0.63276,-0.62299,0.45989,0.49228,0.78208,0.38212,0.59773,0.015399,-0.80155
0.77045,0.065416,-0.63414,-0.074544,0.99714,0.012296,-0.63313,-0.037798,-0.77312
0.82952,0.27949,0.48351,-0.32765,0.94466,0.016059,0.45227,0.17174,-0.87519
0.94118,-0.010858,-0.33773,-0.06598,0.97434,-0.2152,-0.3314,-0.22482,-0.91631
0.88656,-0.041484,0.46075,0.010735,0.99755,0.069159,0.46249,0.056367,-0.88483
0.98593,0.16271,-0.038313,-0.1653,0.9831,-0.078644,-0.024869,-0.083871,-0.99617
0.82311,0.00091846,-0.56788,-0.14132,0.96887,-0.20327,-0.55002,-0.24757,-0.79762
0.97753,0.021889,0.20967,0.013199,0.98629,-0.1645,0.2104,-0.16357,-0.96383
0.8044,0.085377,0.58792,-0.076972,0.99626,-0.03936,0.58908,0.013592,-0.80796
0.75942,0.025431,0.6501,-0.11632,0.98844,0.097215,0.64012,0.14945,-0.7536
0.74961,0.15854,0.64262,-0.11053,0.98724,-0.11463,0.65259,-0.014902,-0.75756
0.91829,0.39372,0.041496,-0.39147,0.91865,-0.053304,0.059107,-0.032704,-0.99772
0.9346,0.026728,-0.35469,-0.050337,0.99708,-0.057501,-0.35212,-0.071595,-0.93321
0.98805,-0.025739,-0.15199,5.5522e-05,0.98602,-0.16662,-0.15416,-0.16462,-0.97424
0.77328,0.1018,0.62584,-0.063673,0.99451,-0.083088,0.63086,-0.0244,-0.77551
0.77991,0.0073501,-0.62585,0.013915,0.99948,0.029078,-0.62574,0.031387,-0.7794
0.76899,0.0068653,-0.63923,0.057153,0.9952,0.079443,-0.6367,0.097625,-0.7649
0.99921,-0.020531,-0.034138,0.020336,0.99977,-0.0060604,-0.034255,-0.0053614,-0.9994
0.71726,0.091224,0.69081,-0.069101,0.99582,-0.059755,0.69337,0.0048758,-0.72056
0.75078,0.047051,0.65887,-0.025626,0.99878,-0.042124,0.66005,-0.014742,-0.75108
0.98822,0.066683,-0.13772,-0.076,0.99508,-0.063539,-0.13281,-0.073257,-0.98843
0.97429,0.13241,0.18226,-0.11176,0.98655,-0.11931,0.1956,-0.095872,-0.97599
0.79398,-0.4928,-0.35602,0.46245,0.8697,-0.1725,-0.39464,0.027679,-0.91842
0.85462,0.49073,-0.16975,-0.50336,0.86321,-0.03876,-0.12751,-0.11857,-0.98472
0.95194,0.031192,-0.30469,-0.10261,0.96979,-0.22132,-0.28858,-0.24195,-0.92638
0.95131,-0.30714,0.025902,0.30782,0.95102,-0.028457,0.015893,-0.035044,-0.99926
0.94168,-0.013441,-0.33623,-0.062965,0.97452,-0.2153,-0.33056,-0.22392,-0.91684
0.79949,0.029357,-0.59996,-0.0262,0.99956,0.013996,-0.60011,-0.00453,-0.7999
0.86808,-0.48933,0.083662,0.49207,0.82587,-0.27531,-0.065624,-0.28016,-0.95771
0.97308,0.0862,0.21373,-0.07796,0.99586,-0.046702,0.21687,-0.028782,-0.97578
0.70563,0.69213,-0.15179,-0.66507,0.72084,0.19513,-0.24447,0.036743,-0.96896
0.97396,0.018583,0.22597,0.034464,0.97292,-0.22856,0.2241,-0.23039,-0.94694
0.84921,-0.49165,-0.19267,0.43231,0.85682,-0.28102,-0.30325,-0.15535,-0.94016
0.92332,-0.21244,0.31993,0.31952,0.88711,-0.33307,0.21306,-0.40976,-0.88697
0.91051,0.29521,-0.28952,-0.38282,0.86647,-0.32044,-0.15627,-0.4026,-0.90194
0.83737,0.025071,-0.54606,-0.011903,0.99955,0.02764,-0.5465,0.016645,-0.83729
0.80606,0.028219,-0.59116,-0.0094145,0.99935,0.034867,-0.59176,0.022539,-0.8058
0.97892,-0.015265,0.20365,0.06597,0.96738,-0.2446,0.19327,-0.25288,-0.948
0.97499,-0.068587,-0.2114,0.031696,0.98438,-0.17319,-0.21998,-0.16215,-0.96193
0.88436,0.27208,-0.37932,-0.39199,0.87408,-0.28694,-0.25349,-0.40245,-0.87965
0.8358,0.02491,-0.54848,-0.013967,0.99961,0.024117,-0.54886,0.012496,-0.83582
0.99204,-0.12423,0.020434,0.12336,0.99158,0.039485,0.025167,0.03665,-0.99901
0.9564,0.070891,-0.28331,-0.049353,0.99537,0.082459,-0.28785,0.064882,-0.95548
0.99629,0.057678,-0.06394,-0.064443,0.99191,-0.10935,-0.057115,-0.11306,-0.99194
0.9865,0.05263,-0.1551,-0.062614,0.99622,-0.060202,-0.15134,-0.0691,-0.98606
0.97527,-0.21443,0.053603,0.20619,0.96999,0.12884,0.079623,0.1146,-0.99022
0.94563,0.14034,-0.2934,-0.22644,0.93165,-0.28419,-0.23347,-0.33517,-0.91277
0.79277,0.02697,-0.60892,-0.092459,0.99278,-0.076404,-0.60246,-0.11687,-0.78954
0.99016,-0.017899,-0.13877,-0.0058074,0.98567,-0.16857,-0.1398,-0.16772,-0.97587
0.76946,0.018925,-0.63842,-0.0079064,0.99977,0.020108,-0.63865,0.010424,-0.76943
0.74475,-0.51949,0.4189,0.63779,0.73881,-0.21767,0.19641,-0.42928,-0.88156
0.99115,-0.029206,-0.12946,0.0080743,0.98695,-0.16084,-0.13247,-0.15837,-0.97845
0.9896,-0.010399,-0.14346,-0.014282,0.98535,-0.16995,-0.14312,-0.17023,-0.97496
0.99235,-0.052404,-0.1118,0.034747,0.9874,-0.15441,-0.11848,-0.14934,-0.98166
0.9882,-0.02467,-0.15114,-0.00092914,0.98596,-0.16701,-0.15314,-0.16518,-0.9743
0.80329,-0.0059849,0.59555,-0.043817,0.99665,0.069116,0.59397,0.081616,-0.80034
0.87844,-0.0019833,-0.47785,-0.10129,0.97649,-0.19026,-0.46699,-0.21554,-0.85759
0.96985,0.18963,-0.15305,-0.22541,0.93677,-0.26768,-0.092607,-0.29411,-0.95127
0.96653,0.079722,0.24384,-0.18648,0.87107,0.45439,0.17618,0.48465,-0.85678
0.79384,0.025096,-0.60761,0.0061365,0.99877,0.049269,-0.6081,0.04284,-0.7927
0.94054,-0.0434,0.33691,0.028788,0.99842,0.048249,0.33847,0.035681,-0.9403
0.74401,-0.014618,-0.668,-0.039886,0.99701,-0.066243,-0.66697,-0.07593,-0.7412
0.99601,-0.034955,-0.08215,0.041221,0.99627,0.075854,-0.079192,0.078938,-0.99373
0.76453,0.087754,0.63859,-0.039654,0.99522,-0.089288,0.64337,-0.04294,-0.76435
0.81328,0.57773,0.069295,-0.57132,0.77025,0.28338,-0.11035,0.27006,-0.9565
0.94416,0.017801,0.32901,-0.058634,0.99168,0.11461,0.32423,0.1275,-0.93735
0.94996,0.20874,0.23238,-0.25474,0.94824,0.18962,0.18077,0.23933,-0.95396
0.98158,-0.034335,-0.18795,0.02956,0.99917,-0.028151,-0.18876,-0.022077,-0.98178
0.72506,0.091801,0.68254,-0.040459,0.99504,-0.090854,0.6875,-0.03826,-0.72518
0.82567,0.031804,0.56326,-0.1093,0.98851,0.1044,0.55347,0.14776,-0.81966
0.60295,0.6676,-0.43675,-0.5223,0.74416,0.41644,-0.60303,0.022979,-0.79738
0.9999,0.012604,0.006945,-0.013339,0.99286,0.1185,0.0054019,0.11858,-0.99293
0.96136,0.0066668,-0.2752,0.015242,0.99688,0.077393,-0.27486,0.078597,-0.95827
0.8417,0.51805,0.15218,-0.50886,0.85534,-0.097282,0.18056,-0.0044478,-0.98355
0.99974,0.0084973,-0.021088,-0.0063455,0.99496,0.10009,-0.021832,0.099927,-0.99476
0.98718,0.015692,-0.15884,-0.0041366,0.99734,0.072821,-0.15956,0.071231,-0.98462
0.89338,-0.19971,-0.40247,0.053528,0.93671,-0.34599,-0.44609,-0.28756,-0.84753
0.94991,-0.0014014,0.31254,-0.028605,0.9954,0.091404,0.31123,0.095765,-0.9455
0.93967,-0.034429,-0.34036,0.055384,0.99711,0.052041,-0.33758,0.067751,-0.93886
0.98158,-0.0032777,-0.191,0.044979,0.97571,0.21441,-0.18566,0.21906,-0.95789
0.99994,0.00047213,0.011357,0.00051148,0.99626,-0.086447,0.011356,-0.086447,-0.99619
0.78478,0.14944,-0.60149,-0.028426,0.97815,0.20593,-0.61912,0.14451,-0.77189
0.83763,0.42365,-0.34481,-0.34747,0.90032,0.26208,-0.42147,0.099715,-0.90134
0.77743,-0.016454,0.62876,0.013923,0.99986,0.008951,0.62882,-0.0017953,-0.77755
0.98325,-0.11663,-0.14007,0.12243,0.99191,0.033442,-0.13504,0.05003,-0.98958
0.99679,0.0040251,0.079983,-0.012013,0.99495,0.099642,0.079179,0.10028,-0.9918
0.87559,0.011937,-0.4829,-0.025369,0.99945,-0.021293,-0.48238,-0.030895,-0.87541
0.81051,-0.49386,0.31492,0.52257,0.85256,-0.0079514,0.26456,-0.17101,-0.94908
0.99441,-0.010935,-0.10501,0.019485,0.99654,0.080745,-0.10377,0.08234,-0.99119
0.59346,-0.65722,-0.46461,0.60721,0.74449,-0.27753,-0.5283,0.11742,-0.8409
0.92967,0.21545,0.29882,-0.31253,0.8907,0.33012,0.19504,0.40029,-0.89539
0.94819,0.054189,-0.31304,-0.19454,0.87804,-0.43726,-0.25117,-0.47551,-0.8431
0.70853,-0.4397,0.55194,0.35195,0.89811,0.26368,0.61165,-0.007432,-0.7911
0.88606,0.010419,0.46345,-0.045455,0.99688,0.064493,0.46133,0.078211,-0.88377
0.81305,0.28738,0.50632,-0.27006,0.95662,-0.1093,0.51576,0.047871,-0.85539
0.75397,0.17164,-0.63408,0.30196,0.76668,0.56659,-0.58339,0.61866,-0.52623
0.90788,0.38791,-0.15901,-0.39269,0.91967,0.0015242,-0.14683,-0.061059,-0.98728
0.80655,-0.0011572,0.59116,0.00073314,1,0.00095729,0.59116,0.0003387,-0.80655
0.80825,0.030676,0.58804,-0.026183,0.99953,-0.016154,0.58826,0.0023405,-0.80867
0.76356,-0.64513,0.028167,0.63246,0.75594,0.16896,0.13029,0.1112,-0.98522
0.9854,-0.1328,-0.10656,0.13442,0.99089,0.0081778,-0.1045,0.022382,-0.99427
0.94294,0.068257,-0.3259,0.034983,0.95304,0.30082,-0.33113,0.29506,-0.89627
0.79301,0.096102,0.60158,-0.055568,0.99477,-0.085664,0.60667,-0.034504,-0.7942
0.88281,0.036089,-0.46834,-0.01119,0.99838,0.05584,-0.4696,0.044055,-0.88178
0.99994,-0.0075008,0.008575,0.0067208,0.99613,0.08762,0.009199,0.087557,-0.99612
0.99956,0.023482,0.017989,-0.0097406,0.8355,-0.5494,0.027931,-0.54899,-0.83536
0.80404,0.22707,0.5495,0.0078454,0.92007,-0.39168,0.59452,-0.31924,-0.73799
0.63702,-0.61688,0.46224,0.65106,0.75161,0.10584,0.41271,-0.23352,-0.88042
0.88624,0.023096,-0.46265,8.7172e-06,0.99876,0.049876,-0.46323,0.044206,-0.88514
0.90553,0.39259,-0.16087,-0.39596,0.91819,0.011941,-0.1524,-0.052885,-0.9869
0.82575,-0.43282,0.36167,0.39609,0.90148,0.17449,0.40156,0.00083643,-0.91583
0.84407,0.51486,0.1499,-0.53174,0.83975,0.10986,0.06932,0.17244,-0.98258
0.61759,-0.68291,0.39015,0.59327,0.73017,0.33894,0.51634,-0.02214,-0.85609
0.81022,0.048921,0.58408,-0.088857,0.99524,0.0399,0.57935,0.084228,-0.81071
0.92529,0.0097215,0.37912,-0.04356,0.99578,0.08078,0.37674,0.09126,-0.92181
0.63133,-0.67488,0.38205,0.5766,0.73793,0.35072,0.51861,0.0011311,-0.85501
0.96132,0.019735,0.27474,-0.045642,0.99505,0.088225,0.27164,0.097352,-0.95746
0.84774,-0.12203,-0.51618,0.22193,0.9655,0.13623,-0.48174,0.23004,-0.84558
0.89244,-0.25541,0.37191,0.16316,0.95125,0.26173,0.42063,0.1729,-0.89061
0.97332,-0.1073,0.2028,0.059641,0.97185,0.22793,0.22155,0.20976,-0.95232
0.85393,-0.027557,0.51966,0.0026522,0.99881,0.048607,0.52039,0.040128,-0.85299
0.91847,0.011668,0.39533,-0.047536,0.99558,0.081055,0.39263,0.093239,-0.91496
0.89267,0.43477,0.1188,-0.44946,0.83913,0.30633,-0.033497,0.32684,-0.94448
0.74707,-0.063089,-0.66175,-0.011635,0.99409,-0.10791,-0.66465,-0.088316,-0.74192
0.99929,-0.013312,-0.035155,0.015817,0.99728,0.071955,-0.034102,0.072461,-0.99679
0.82351,-0.027515,0.56663,-0.011511,0.99781,0.065182,0.56718,0.0602,-0.82139
0.98168,0.18448,0.047657,-0.13118,0.8358,-0.53313,0.13818,-0.51711,-0.84469
0.64497,-0.56937,0.50973,0.67974,0.73224,-0.042181,0.34923,-0.37369,-0.8593
0.99909,-0.030585,0.029723,0.027802,0.99556,0.089921,0.032341,0.089013,-0.99551
0.70138,0.21392,0.67992,-0.44193,0.87894,0.17933,0.55925,0.42626,-0.71102
0.85197,0.050469,-0.52116,-0.048995,0.99866,0.016615,-0.5213,-0.011378,-0.8533
0.58073,0.47851,-0.65862,-0.52477,0.83854,0.14652,-0.62239,-0.26053,-0.73808
0.78627,0.021655,-0.61751,-0.012804,0.99974,0.018757,-0.61776,0.0068415,-0.78634
0.72184,0.026966,-0.69153,0.013083,0.99853,0.052594,-0.69193,0.047012,-0.72043
0.78229,-0.029177,-0.62224,-0.092564,0.98237,-0.16244,-0.616,-0.18467,-0.76579
0.80781,0.022864,0.589,0.013719,0.99825,-0.057566,0.58928,-0.054583,-0.80608
0.98446,0.072744,-0.15983,-0.075515,0.99708,-0.011323,-0.15854,-0.023217,-0.98708
0.7772,0.039997,-0.62798,-0.032145,0.9992,0.023857,-0.62844,-0.0016452,-0.77786
0.76284,-0.16573,0.62499,0.11405,0.98593,0.12223,0.63645,0.021964,-0.771
0.62974,-0.74079,0.23378,0.58143,0.64907,0.49056,0.51515,0.17299,-0.83946
0.8638,0.0093133,0.50374,-0.045929,0.99712,0.060323,0.50173,0.075243,-0.86174
0.80141,0.00064817,0.59812,-0.050604,0.99649,0.066724,0.59597,0.08374,-0.79863
0.75726,-0.014355,0.65295,-0.0044123,0.99962,0.027094,0.6531,0.023398,-0.75691
0.80231,-0.32263,0.50221,0.20689,0.93949,0.27303,0.55991,0.11516,-0.82051
0.80174,0.126,-0.58424,-0.1318,0.99073,0.032786,-0.58295,-0.050719,-0.81092
0.93959,0.0048939,-0.34228,0.026608,0.99583,0.087281,-0.34128,0.091115,-0.93554
0.98944,-0.074632,-0.12428,0.054922,0.98637,-0.15508,-0.13416,-0.14661,-0.98005
0.97249,0.056089,0.22609,0.0076851,0.96233,-0.27179,0.23282,-0.26605,-0.93542
0.96946,0.15967,0.18617,-0.13971,0.98339,-0.11591,0.20158,-0.086363,-0.97566
0.99994,0.0075885,0.0073699,-0.00797,0.99855,0.053192,0.0069556,0.053247,-0.99856
0.94212,-0.0076851,-0.33519,0.0066118,0.99997,-0.0043433,-0.33521,-0.0018757,-0.94214
0.99577,-0.091854,0.0022925,0.091883,0.9955,-0.023271,0.00014467,-0.023383,-0.99973
0.99876,-0.00056965,0.049685,-0.0048801,0.99398,0.1095,0.049448,0.1096,-0.99274
0.77756,-0.034146,0.62788,0.0031492,0.99872,0.050414,0.6288,0.037223,-0.77668
0.56924,0.5058,-0.64818,-0.5029,0.8379,0.21218,-0.65042,-0.20519,-0.73133
0.83406,0.02467,-0.55112,-0.00258,0.99916,0.040822,-0.55166,0.032626,-0.83343
0.43468,0.54519,-0.71682,-0.68022,0.72039,0.13542,-0.59022,-0.42873,-0.68399
0.74029,-0.0059663,-0.67226,0.019664,0.99972,0.012782,-0.672,0.022682,-0.7402
0.99499,0.089129,0.045331,-0.085443,0.99331,-0.077632,0.051947,-0.07337,-0.99595
0.84608,0.063614,0.52925,-0.0082897,0.9943,-0.10626,0.53299,-0.085518,-0.84179
0.80308,0.01749,0.59561,-0.071279,0.99521,0.066883,0.59159,0.096167,-0.80048
0.99755,0.0056419,0.069667,-0.0055074,0.99998,-0.0021229,0.069678,-0.001734,-0.99757
0.69978,-0.020657,0.71406,0.48013,0.75373,-0.44873,0.52894,-0.65686,-0.53737
0.82074,-0.025999,0.57072,0.0038421,0.99919,0.039993,0.57129,0.030631,-0.82017
0.86089,0.50749,-0.036285,-0.50405,0.84099,-0.19664,0.069277,-0.18757,-0.9798
0.99285,0.019384,-0.11781,-0.038278,0.98632,-0.16031,-0.11309,-0.16367,-0.98001
0.89794,0.010243,0.44,0.030693,0.99584,-0.085819,0.43905,-0.090565,-0.89389
0.82901,-0.024952,0.55868,-0.028646,0.9958,0.086981,0.5585,0.088111,-0.82481
0.76435,-0.44554,0.46612,0.48663,0.87285,0.036339,0.42304,-0.19905,-0.88398
0.80828,0.047472,0.58689,-0.0020412,0.99696,-0.077831,0.5888,-0.061711,-0.80592
0.82901,0.020209,0.55887,-0.10236,0.98795,0.11611,0.54979,0.15346,-0.82108
0.7132,0.24419,-0.65705,-0.54774,0.77906,-0.30503,-0.4374,-0.57744,-0.68938
0.79177,0.58389,-0.17936,-0.60934,0.73469,-0.29821,0.04235,-0.3454,-0.9375
0.99091,0.0024871,-0.13454,0.024449,0.97986,0.19819,-0.13232,0.19968,-0.97089
0.51338,0.42216,-0.74714,-0.63802,0.77001,-0.0033211,-0.57391,-0.4784,-0.66466
0.82327,-0.56582,0.045473,0.55403,0.78349,-0.28141,-0.1236,-0.25687,-0.95851
0.72945,0.12378,0.67274,-0.39775,0.87688,0.26995,0.5565,0.4645,-0.68887
0.76582,0.62452,-0.15329,-0.55445,0.76201,0.33454,-0.32574,0.17121,-0.92983
0.86087,-0.043315,0.50698,-0.0039555,0.99577,0.091793,0.50881,0.081027,-0.85706
0.77239,0.010679,-0.63506,0.012666,0.9994,0.032211,-0.63502,0.032923,-0.77179
0.59794,0.58828,0.54443,-0.40406,0.80783,-0.42912,0.69225,-0.036601,-0.72073
0.85387,-0.028436,0.51971,-0.0071346,0.99777,0.066315,0.52044,0.060333,-0.85177
0.87491,0.087136,0.47638,-0.052485,0.99495,-0.085598,0.48143,-0.049888,-0.87506
0.85414,0.0065938,0.52001,-0.034852,0.9984,0.044586,0.51888,0.056206,-0.853
0.99998,-0.00071886,-0.0057954,0.00072273,1,0.00066614,-0.0057949,0.00067032,-0.99998
0.75442,0.044102,-0.65491,-0.024542,0.99894,0.038999,-0.65593,0.013349,-0.7547
0.74359,-0.12637,0.65659,0.087039,0.99192,0.092334,0.66295,0.01151,-0.74858
0.74185,-0.010639,0.67048,0.0013517,0.9999,0.014371,0.67056,0.0097548,-0.74179
0.94185,0.11627,-0.31527,0.014752,0.92302,0.38447,-0.3357,0.36677,-0.86763
0.98634,0.089441,-0.13829,-0.097841,0.99367,-0.055179,-0.13248,-0.067956,-0.98885
0.83428,0.064223,0.54759,-0.030688,0.99706,-0.070184,0.55049,-0.041749,-0.8338
0.90475,-0.036658,0.42436,-0.0075703,0.99475,0.10207,0.42587,0.095561,-0.89972
0.91925,-0.026188,0.3928,-0.011557,0.99556,0.093419,0.39351,0.090415,-0.91486
0.8147,0.091455,0.57263,-0.09545,0.99517,-0.023139,0.57198,0.035807,-0.81949
0.97692,0.013419,0.21318,-0.041153,0.99115,0.1262,0.2096,0.13206,-0.96883
0.99881,-0.02654,0.040976,0.02463,0.99862,0.046443,0.042152,0.045378,-0.99808
0.74335,0.55329,0.37589,-0.64469,0.74244,0.1821,0.17832,0.3777,-0.9086
0.99112,-0.061915,-0.11769,0.043947,0.98778,-0.14956,-0.12551,-0.14306,-0.98172
0.99896,0.013786,0.043349,-0.017494,0.99611,0.086361,0.04199,0.08703,-0.99532
0.92053,0.19951,0.33589,-0.13149,0.96783,-0.21452,0.36788,-0.15331,-0.91715
0.98916,-0.022416,-0.14514,-0.018373,0.96163,-0.27373,-0.14571,-0.27343,-0.95079
0.88705,0.052256,0.45871,-0.11561,0.98706,0.11113,0.44696,0.15161,-0.88161
0.87863,0.077673,0.47114,-0.044859,0.99574,-0.080503,0.47538,-0.049598,-0.87838
0.81808,0.051502,0.57279,-0.11888,0.98961,0.080815,0.56268,0.13421,-0.81571
0.72713,0.014079,0.68635,-0.05263,0.99799,0.035285,0.68448,0.06178,-0.72641
0.83809,-0.0067784,0.54549,-0.032908,0.99747,0.062954,0.54454,0.070712,-0.83575
0.77929,-0.06697,-0.62308,0.052287,0.99775,-0.041846,-0.62448,-3.0653e-05,-0.78104
0.98942,-0.014583,-0.14438,0.023182,0.99804,0.058053,-0.14325,0.060786,-0.98782
0.98928,0.0081472,-0.14579,0.0033091,0.99694,0.078164,-0.14598,0.077809,-0.98622
0.77379,-0.17376,-0.60914,-0.25104,0.79877,-0.54675,-0.58157,-0.57599,-0.57446
0.99229,-0.011197,0.12344,-0.0029596,0.99349,0.11391,0.12391,0.1134,-0.98579
0.81985,0.14506,0.55391,-0.1129,0.98934,-0.09199,0.56134,-0.012884,-0.82748
0.95061,-0.0011757,0.31039,-0.028823,0.99534,0.092044,0.30905,0.096444,-0.94614
0.72596,-0.014134,0.68759,0.017839,0.99984,0.0017175,0.6875,-0.011019,-0.7261
0.96083,0.0062176,-0.27705,0.013731,0.99745,0.070003,-0.27678,0.071065,-0.9583
0.96227,-0.025982,0.27084,-0.0014216,0.99494,0.1005,0.27208,0.09709,-0.95736
0.7375,-0.20837,-0.6424,0.25031,0.9678,-0.026557,-0.62725,0.14121,-0.76591
0.98615,0.069857,-0.1504,-0.056014,0.99396,0.094392,-0.15609,0.08466,-0.98411
0.87503,0.087216,0.47615,-0.052466,0.99493,-0.085823,0.48122,-0.050116,-0.87517
0.96917,-0.016423,0.24585,-0.021778,0.98816,0.15186,0.24543,0.15253,-0.95734
0.93996,0.0061746,0.34123,-0.03847,0.99538,0.08796,0.33911,0.095806,-0.93586
0.99989,-0.014542,0.0024824,0.014358,0.99792,0.062878,0.0033917,0.062835,-0.99802
0.98656,0.010613,0.16306,-0.027797,0.99424,0.10347,0.16103,0.10661,-0.98118
0.89181,0.013339,0.45222,-0.047358,0.99683,0.06399,0.44993,0.078483,-0.88961
0.92459,0.12236,-0.36078,-0.14955,0.98757,-0.048314,-0.35039,-0.098624,-0.9314
0.96143,0.0068118,0.27495,-0.03754,0.99359,0.10665,0.27246,0.11286,-0.95552
0.88553,-0.27903,0.37145,0.3798,0.89527,-0.2329,0.26756,-0.34732,-0.89877
0.93228,0.010334,0.36159,0.12268,0.93132,-0.34292,0.3403,-0.36406,-0.86698
0.66316,0.60145,0.44551,-0.74764,0.56055,0.35612,0.035541,0.56924,-0.8214
0.86459,0.35788,-0.35272,-0.26327,0.92053,0.28866,-0.42799,0.15671,-0.89009
0.9327,-0.0013165,-0.36064,-0.0010249,0.99998,-0.0063011,-0.36064,-0.0062467,-0.93268
0.82869,0.24372,0.50387,-0.23057,0.96893,-0.08947,0.51002,0.042033,-0.85914
0.85962,0.095054,0.50201,-0.052651,0.99379,-0.098013,0.50821,-0.057822,-0.85929
0.82254,0.042176,0.56714,-0.050873,0.99871,-0.00048754,0.56642,0.028451,-0.82362
0.82955,0.30758,-0.46609,-0.16517,0.93244,0.32137,-0.53345,0.18961,-0.82431
0.94133,-0.097327,0.32315,0.092268,0.99525,0.030976,0.32463,-0.00065804,-0.94584
0.82573,-0.030715,-0.56323,0.031937,0.99946,-0.007683,-0.56316,0.011644,-0.82626
